8
250 74
0
1 125
0
0
0
0
1 29
0
1 186
0
1 125
0
0
0
0
0
0
0
0
0
0
0
0
0
0
8 137 223 52 13 110 126 208 57
0
0
0
1 213
1 172
0
0
1 89
0
3 181 120 243
1 51
0
0
2 241 125
1 146
0
2 83 189
0
0
0
3 153 15 119
0
1 93
0
1 20
0
1 241
0
5 250 119 229 218 74
0
0
0
0
0
0
0
1 223
7 110 209 33 171 93 161 224
0
0
2 74 107
0
0
0
3 108 100 84
0
0
0
0
1 126
0
0
0
1 116
0
0
0
0
0
0
1 42
0
2 12 74
0
0
0
0
0
0
0
0
0
0
0
0
0
0
0
0
7 13 208 140 20 161 163 102
0
0
0
0
1 101
1 38
0
0
0
0
0
3 237 53 25
1 195
0
0
0
0
0
0
2 46 168
4 83 237 116 201
0
4 46 95 232 11
0
0
0
2 171 74
0
0
1 189
0
2 74 15
0
1 3
0
0
0
0
0
0
0
0
2 122 193
0
0
0
1 38
0
2 50 108
0
0
0
0
0
0
0
0
0
1 83
2 150 19
1 58
0
0
0
0
0
1 163
1 19
0
1 43
0
3 170 78 223
0
0
0
2 44 236
1 140
1 102
0
2 11 27
3 248 47 237
0
0
0
0
0
0
0
2 248 93
0
2 13 36
0
1 51
0
0
4 153 2 87 46
0
2 218 156
0
0
1 242
1 88
3 233 5 125
1 229
0
0
0
2 136 11
2 98 74
0
2 49 162
1 237
1 40
0
1 140
0
0
0
2 64 180
1 6
0
6 110 49 194 237 172 83
4 125 49 93 248
0
1 171
1 147
0
0
1 218
0
0
1 201
0
0
1 93
0
3 193 85 125
0
1 186
0
0
0
0
0
3 8 9 12 14 20 24 26 29 30 32 39 41 46 49 52 57 58 66 70 74 75 76 78 79 89 90 98 99 100 103 104 105 106 110 113 114 121 123 131 135 138 141 148 149 153 155 160 163 166 167 168 173 175 178 181 182 184 197 200 203 209 214 216 223 230 231 233 236 237 247 248 249 250
286 207
3 280 175 185
0
10 242 47 171 11 270 154 240 257 112 28
0
0
0
0
0
0
0
0
0
4 18 203 39 251
0
0
1 210
1 218
0
2 17 96
0
0
0
0
0
0
8 224 147 89 229 236 17 275 189
0
0
0
0
2 192 38
1 93
0
0
1 214
0
0
0
0
2 185 132
5 168 32 77 268 283
4 224 255 138 215
1 227
0
0
0
0
0
0
0
0
1 235
0
0
0
1 57
0
0
0
4 262 50 281 74
1 84
0
2 241 138
1 151
0
0
0
0
0
2 255 105
0
0
4 196 275 84 10
0
0
0
1 214
2 49 214
1 96
0
0
1 170
1 237
0
0
6 137 249 273 101 272 189
3 239 157 145
0
0
3 43 206 149
2 267 243
0
1 80
3 282 258 63
2 42 184
0
0
0
1 77
0
0
2 242 69
0
1 49
0
0
6 208 54 129 259 207 172
0
1 9
0
0
0
0
2 9 10
0
0
0
0
0
0
0
0
1 243
0
12 264 193 214 163 171 76 138 199 256 105 100 151
0
1 139
0
1 227
0
0
1 157
0
2 125 249
0
0
4 177 92 243 276
1 131
0
0
0
2 202 237
0
2 108 49
0
0
0
30 63 133 282 146 38 283 82 239 115 208 149 209 37 119 187 230 214 203 93 128 114 173 153 33 182 118 65 232 224 121
0
1 260
0
0
0
0
1 274
0
0
1 21
0
1 163
1 203
0
0
3 140 183 190
0
0
0
1 278
0
0
4 138 219 243 117
1 214
0
3 210 273 281
0
0
0
2 114 269
0
0
0
0
0
0
0
0
0
5 205 208 229 112 263
2 158 194
0
0
3 129 49 172
0
1 179
0
0
0
0
0
1 149
0
4 89 214 135 279
1 116
0
1 149
2 24 69
0
1 189
5 128 97 170 79 235
0
0
0
1 96
0
0
0
2 53 271
0
0
0
0
0
0
0
1 96
0
0
0
0
0
0
2 138 48
2 22 97
0
0
0
0
0
0
0
0
0
1 281
0
0
0
18 62 165 58 82 133 34 189 185 136 277 40 9 89 15 2 126 19 234
0
4 193 166 275 225
0
1 10
0
0
0
0
0
0
0
0
0
0
0
0
0
0
0
0
1 248
0
0
0
0
0
0
0
0
0
0
0
0
0
2 283 175
1 281
0
0
1 146
1 2 4 6 7 8 9 11 12 14 16 17 18 20 21 22 23 24 26 27 28 30 32 35 36 37 38 39 40 41 42 46 47 48 49 50 51 52 55 58 60 61 64 65 67 68 69 70 71 72 73 74 76 77 78 79 80 84 85 86 88 89 91 92 93 94 95 96 97 99 100 102 103 104 105 106 107 109 110 111 112 113 114 115 116 117 118 120 121 122 123 126 127 129 130 131 132 133 135 136 138 139 141 142 143 144 145 146 147 148 149 150 153 154 155 156 157 158 162 163 164 165 166 170 173 174 176 177 178 179 181 183 184 185 186 187 191 192 193 194 196 197 199 200 201 202 203 205 206 208 211 212 213 214 215 217 218 219 220 223 224 225 226 227 228 230 231 232 235 236 237 238 239 241 242 243 244 245 246 247 248 250 252 254 255 256 258 259 260 262 263 265 266 268 269 271 272 273 274 275 276 280 282 283 284 285 286
411 226
1 312
0
2 361 9
0
0
0
0
3 225 270 397
0
0
0
1 153
0
0
0
0
0
0
1 198
1 128
1 244
0
0
0
0
0
0
0
0
1 133
0
1 196
0
0
4 396 340 254 378
0
0
0
0
0
0
1 411
1 18
0
0
0
0
1 299
0
0
2 275 347
0
0
0
2 236 133
0
0
0
0
0
0
0
0
0
0
0
2 181 397
0
2 321 170
0
0
2 33 316
0
0
0
0
0
0
4 16 193 354 388
1 241
0
0
1 210
0
0
0
4 270 26 77 104
0
0
0
0
3 185 314 303
0
0
0
0
0
0
0
0
0
0
0
1 74
0
0
0
0
0
1 76
0
0
0
0
0
0
0
0
0
0
0
0
2 185 411
0
0
0
0
0
1 303
0
1 185
0
1 211
0
1 82
0
0
0
0
0
0
0
4 260 286 6 333
0
0
0
2 334 131
0
0
0
0
0
0
0
0
0
0
0
0
1 57
0
0
0
0
0
0
0
0
0
0
0
0
0
1 188
1 384
0
0
0
0
0
0
0
0
1 237
0
0
0
0
0
0
0
0
0
0
0
1 185
0
0
0
0
0
0
0
1 64
0
0
0
0
1 347
0
0
0
15 172 9 363 174 247 145 156 166 83 194 380 16 90 45 227
0
0
0
0
0
0
0
1 128
4 227 249 6 359
0
0
0
0
2 240 53
1 127
1 26
0
0
0
0
0
0
1 194
1 194
0
0
0
4 131 63 263 247
1 165
0
0
1 282
0
0
0
0
0
2 244 397
0
0
0
0
0
0
0
0
1 249
0
0
1 59
0
0
0
2 51 240
0
1 158
0
0
1 313
1 249
0
0
0
0
0
1 340
0
0
0
0
0
0
0
1 321
1 207
0
0
1 82
0
0
0
7 288 350 176 117 305 234 18
0
0
0
0
1 173
0
0
1 312
0
2 198 362
0
0
0
0
0
0
0
0
0
0
0
0
0
0
0
0
0
0
0
0
0
1 305
0
1 42
0
0
0
0
0
0
0
0
1 43
0
0
0
0
0
0
1 79
0
0
1 279
0
1 155
0
1 201
5 294 396 188 19 124
0
0
1 107
0
2 263 40
0
0
0
0
0
0
0
0
1 341
1 151
0
0
0
0
0
0
0
0
0
2 236 76
0
1 107
0
0
0
1 351
0
2 101 68
0
2 303 185
0
0
0
0
1 160
0
0
0
0
0
0
0
0
0
1 384
0
0
0
0
0
0
1 276
0
6 7 8 9 10 15 16 17 24 27 29 31 33 34 35 37 39 40 41 47 48 50 52 53 54 55 56 58 59 60 61 62 63 67 68 69 70 71 72 74 75 76 77 79 80 82 85 90 93 95 97 100 104 106 107 109 112 113 115 117 118 120 123 125 126 132 133 135 139 142 143 151 152 154 156 157 159 161 162 163 165 167 169 170 174 175 177 178 179 181 184 187 191 192 193 197 199 201 202 203 205 207 208 212 213 214 216 218 219 222 225 226 227 228 229 230 231 232 233 236 237 241 244 245 247 249 250 251 254 255 257 259 260 261 262 264 267 268 270 271 272 273 275 277 279 281 283 286 290 291 294 295 296 297 299 300 301 303 305 307 308 309 310 312 314 315 316 317 318 319 320 322 324 325 326 328 331 332 334 335 337 340 342 343 344 345 347 348 350 352 354 356 358 359 360 361 363 364 365 368 369 370 371 372 373 374 375 376 377 381 383 385 386 387 388 389 390 391 394 395 396 397 398 402 407 411
851 664
3 62 843 86
0
0
0
0
0
0
0
0
0
0
0
1 364
0
0
0
0
0
0
0
0
0
0
0
1 79
0
0
0
0
1 780
0
0
0
0
0
0
0
3 82 376 205
2 141 86
0
0
0
0
0
0
0
0
0
1 317
0
1 206
0
0
0
0
1 232
0
0
0
0
0
0
1 768
0
0
1 130
0
0
0
0
0
0
0
0
0
0
0
0
0
0
0
0
0
0
0
1 733
0
0
0
0
0
0
0
0
1 195
0
0
0
0
0
0
0
0
0
0
0
0
0
0
0
0
0
0
0
0
0
1 712
0
0
0
0
0
0
2 509 179
10 407 62 753 574 655 752 635 775 181 582
0
0
0
0
0
0
0
0
0
0
0
0
0
0
0
1 723
0
0
0
0
0
0
0
0
0
0
0
0
0
0
0
1 505
0
1 206
0
0
0
0
0
0
0
0
0
0
0
0
0
0
0
0
0
1 675
0
0
0
5 827 483 79 250 313
0
0
0
0
0
0
0
0
0
1 579
0
0
0
1 242
0
1 843
0
0
0
0
0
0
1 576
0
0
0
0
0
0
0
0
0
1 326
0
0
1 735
0
0
1 235
0
1 242
1 568
1 525
0
0
0
0
0
1 78
0
0
0
0
0
0
0
0
0
0
0
3 247 733 797
0
0
0
0
0
0
0
0
0
1 695
0
0
1 370
1 247
0
0
0
0
0
1 57
0
0
0
0
0
1 506
0
0
0
0
0
0
1 207
0
1 601
0
0
0
1 797
0
0
0
0
0
1 232
0
1 566
0
0
0
0
0
0
0
1 381
0
1 181
1 195
0
0
0
0
0
0
0
0
0
0
0
0
0
0
1 17
0
0
0
0
0
0
1 469
0
0
0
0
0
0
3 457 222 539
0
1 582
0
0
0
0
0
0
0
0
0
0
0
0
0
1 827
0
0
0
0
0
0
0
0
0
2 789 52
0
0
0
1 224
0
0
0
1 196
1 206
1 217
0
0
0
0
5 217 62 845 377 13
0
0
0
1 13
0
0
0
0
0
0
1 206
0
0
0
0
0
1 25
0
0
1 776
0
0
1 124
0
0
0
0
1 806
0
0
1 313
1 51
0
0
0
0
0
0
0
1 301
0
0
1 496
0
0
1 686
0
0
0
0
0
1 506
0
0
0
0
0
0
0
0
0
0
0
0
0
0
0
0
0
0
0
0
0
0
0
0
0
0
0
0
0
0
1 824
0
0
0
0
0
0
0
0
0
0
0
0
0
0
0
0
1 694
0
0
0
1 773
0
0
0
0
0
0
0
0
9 22 441 78 195 598 826 724 751 506
0
0
0
0
0
0
0
0
0
0
0
0
1 444
0
0
0
0
0
0
1 753
0
0
0
0
0
3 207 469 679
0
0
3 470 155 71
0
0
0
0
0
0
0
0
0
0
0
0
0
0
0
0
0
0
0
0
0
0
0
0
0
0
0
0
0
0
0
0
0
0
3 255 530 435
0
0
0
0
0
0
6 776 326 685 827 377 399
0
1 256
0
0
0
0
1 751
0
0
0
0
2 116 250
0
0
0
0
0
0
1 578
1 593
0
1 368
0
0
0
0
0
3 444 753 250
1 779
0
0
0
0
0
0
0
0
0
0
0
0
1 246
0
0
1 365
1 213
0
0
0
0
0
0
0
0
0
0
0
0
0
0
0
0
1 446
0
1 161
0
1 789
0
0
0
0
0
0
0
0
0
0
3 320 495 175
0
0
0
0
0
0
0
0
0
0
0
0
0
0
1 161
0
0
0
0
1 281
0
0
1 187
1 581
1 284
0
0
0
1 776
0
0
0
0
0
4 334 429 550 239
0
0
0
0
0
0
0
0
0
0
0
1 32
1 218
0
0
0
0
2 845 116
0
0
0
0
0
0
1 431
0
0
0
0
4 582 738 187 22
0
0
2 673 570
0
0
0
1 568
1 701
0
0
4 203 776 536 63
0
0
0
1 320
0
0
0
0
0
0
0
0
0
0
0
0
0
0
0
0
0
0
0
0
1 247
0
0
3 496 413 661
3 541 712 52
2 456 68
0
0
0
0
0
0
0
0
0
0
0
0
0
0
0
0
0
0
0
1 582
1 206
0
0
0
0
1 663
2 669 164
0
0
1 366
0
0
0
0
0
0
0
0
2 824 186
0
0
0
1 566
0
0
0
0
0
0
0
0
0
0
0
2 174 365
0
0
0
0
0
0
0
0
0
0
0
0
0
0
0
0
0
0
0
0
0
2 495 623
0
1 370
0
1 576
0
7 433 161 814 784 57 82 302
0
0
3 723 469 111
0
1 670
0
0
0
0
0
0
0
0
0
0
0
0
0
0
0
0
0
0
0
0
0
0
0
0
0
1 2 3 5 6 7 8 9 10 11 12 14 15 16 17 19 21 22 23 24 25 29 30 31 32 33 34 38 39 41 42 43 44 45 46 47 48 49 50 51 52 53 54 55 56 57 59 60 61 62 63 65 66 67 68 70 71 72 73 74 78 79 81 82 84 85 88 89 90 91 92 93 94 95 97 98 99 100 101 102 103 105 106 107 108 109 110 111 114 115 116 118 119 120 121 122 123 124 125 127 128 130 131 132 133 135 136 137 138 139 140 141 142 144 145 146 147 148 149 150 151 152 153 154 155 156 157 159 160 161 163 164 165 166 168 169 170 171 172 173 174 175 176 177 178 179 180 181 182 183 184 185 186 187 188 191 192 193 194 196 197 199 200 202 203 204 206 207 208 209 211 212 213 215 216 217 219 220 221 222 223 224 225 227 228 229 231 232 233 234 235 236 238 239 240 241 242 243 244 245 246 247 248 249 250 251 252 253 254 255 257 259 260 261 262 263 264 265 266 267 270 273 274 277 279 280 281 282 283 284 286 288 290 291 292 293 294 295 297 299 300 301 302 303 304 305 306 307 308 309 310 311 312 313 316 317 318 319 320 321 322 323 324 325 326 328 330 332 333 334 335 336 337 338 339 340 341 342 343 344 345 346 348 349 350 351 352 353 354 355 358 359 360 361 362 365 366 368 369 370 371 372 373 374 375 377 378 379 380 382 384 385 387 388 389 390 391 392 393 394 396 397 398 399 400 401 402 407 408 410 411 413 414 416 418 419 420 421 422 423 426 429 430 431 432 435 436 437 438 443 444 445 446 447 448 449 450 451 453 454 455 460 461 462 464 465 466 467 468 469 470 471 472 473 474 475 477 478 479 480 481 482 483 484 485 486 488 489 490 492 493 494 495 496 500 504 505 506 507 508 509 511 514 515 516 517 518 520 521 522 524 525 526 527 530 531 533 534 535 536 537 538 539 540 541 543 544 545 547 549 550 551 552 553 554 555 556 557 558 560 562 563 564 565 567 568 569 570 572 573 574 576 580 581 583 584 585 586 587 588 589 591 592 593 595 597 599 600 601 602 603 604 606 607 609 611 612 614 615 616 618 619 620 621 625 626 627 628 629 630 631 632 633 634 636 637 639 640 641 642 644 645 646 647 648 649 650 651 652 653 654 655 657 659 660 661 662 665 666 667 668 669 671 674 675 676 677 678 679 680 682 684 685 687 689 690 691 692 694 695 697 698 699 701 702 703 704 705 706 707 708 709 710 711 712 713 714 715 716 717 718 722 723 724 725 727 728 729 731 732 734 735 736 737 738 739 740 743 744 745 746 747 748 749 750 751 752 755 758 759 760 761 762 763 764 765 766 767 768 769 771 773 774 775 776 777 779 780 781 782 784 785 786 787 788 789 790 791 794 795 798 799 801 802 804 805 806 807 808 809 810 812 813 814 815 816 817 818 819 820 821 822 824 825 827 828 829 830 831 833 835 836 837 838 839 840 841 842 843 844 846 849 850 851
503 125
0
0
0
0
1 121
0
0
0
1 412
0
2 482 154
4 76 129 192 284
0
0
3 391 475 95
0
1 386
0
0
2 252 426
3 51 169 237
0
0
0
0
0
1 455
0
0
0
0
5 387 195 72 111 160
0
0
0
0
0
0
1 236
0
0
0
0
0
0
0
3 160 215 311
0
0
1 269
0
0
0
0
0
1 280
0
20 305 453 162 153 324 223 133 311 435 38 201 460 401 26 375 373 219 498 1 204
0
0
0
0
0
0
0
0
1 377
0
0
0
2 38 319
0
0
0
0
0
0
0
0
0
0
0
0
0
0
0
0
0
0
0
3 389 132 249
0
0
0
0
0
1 421
1 275
0
0
0
1 68
1 80
0
0
1 193
50 46 251 177 246 260 453 285 265 440 69 426 115 457 347 358 456 493 447 304 323 303 479 11 217 118 109 104 19 21 278 120 194 415 197 287 367 466 402 476 198 427 162 381 316 270 472 121 44 168 430
0
0
0
0
0
0
1 482
0
3 482 172 103
0
0
0
0
0
0
1 115
0
4 193 202 321 312
3 270 366 482
1 435
0
0
0
1 424
0
1 321
2 316 393
0
0
2 100 447
0
1 208
0
0
0
0
0
0
1 379
0
0
0
0
0
2 44 389
1 317
0
0
0
0
0
0
0
0
2 69 49
0
0
1 390
1 329
0
0
4 44 116 126 11
3 194 493 430
0
0
0
0
0
0
7 204 169 366 270 311 304 103
0
0
0
0
2 90 400
0
0
0
0
0
1 318
0
4 133 125 234 317
0
0
0
0
0
0
0
0
1 486
0
0
0
1 103
0
0
0
0
0
0
0
0
0
0
0
3 270 80 311
0
4 270 16 47 475
0
0
1 21
0
0
1 104
0
0
0
1 237
0
4 482 11 116 103
0
0
0
0
0
2 219 302
0
0
0
0
0
0
0
0
0
1 38
1 278
0
0
0
0
0
0
0
0
0
0
0
0
0
0
0
1 71
0
2 311 502
0
0
0
0
0
1 482
0
0
0
1 196
0
0
2 493 373
0
0
6 118 281 412 194 301 38
4 265 104 482 381
0
0
15 329 51 395 7 426 35 196 281 44 80 356 403 291 204 26
1 43
0
0
0
0
2 443 202
0
2 147 366
1 457
0
0
0
0
2 470 197
0
0
0
19 10 457 381 418 172 160 277 65 193 305 281 80 482 126 270 194 324 358 304
0
0
1 192
0
0
0
0
0
2 51 154
1 358
0
0
0
0
0
0
1 370
0
0
0
0
2 421 154
0
0
0
0
0
0
0
0
0
0
0
1 162
0
0
0
0
17 69 177 115 291 317 44 233 298 373 365 43 162 427 475 323 327 358
0
0
0
0
0
0
0
0
0
0
0
1 117
0
0
1 44
0
0
0
0
0
0
0
0
0
0
0
1 220
0
0
2 309 347
0
0
0
0
0
0
1 391
0
0
3 482 132 265
0
0
0
0
32 373 109 280 294 453 125 406 388 26 434 229 120 403 10 435 43 215 287 312 211 177 172 72 311 293 76 497 316 491 260 195 21
0
0
0
0
0
0
2 341 476
0
0
0
1 264
0
0
0
0
0
0
0
0
0
1 116
0
0
0
0
0
0
0
0
0
0
0
0
0
0
1 455
0
0
0
0
0
0
0
1 215
0
0
0
0
0
0
0
1 237
1 270
0
0
0
0
5 188 118 458 48 331
0
0
1 51
2 46 80
0
0
0
0
0
0
0
2 35 204
1 10
0
0
0
0
0
0
0
0
1 491
0
0
0
0
3 342 133 440
0
0
0
0
0
2 126 285
2 465 206
1 229
0
0
0
0
0
0
0
0
0
0
0
0
0
1 311
5 104 38 415 493 318
0
0
0
0
0
1 81
0
0
0
23 30 31 34 36 37 38 39 40 41 46 53 59 68 74 77 87 90 97 98 102 103 106 107 112 114 115 117 120 129 130 133 144 147 150 152 155 156 163 169 175 178 179 180 187 188 189 191 195 196 203 206 209 212 215 218 221 224 225 228 233 240 246 247 249 252 258 259 263 275 276 277 278 283 290 293 295 300 302 304 305 310 311 312 320 322 325 340 346 352 353 357 360 361 366 368 373 375 383 393 398 401 406 407 408 413 427 429 431 448 450 454 458 470 471 472 476 480 482 484 487 492 494 499 503
763 520
0
0
0
0
0
0
0
0
0
3 43 463 323
0
4 564 457 736 477
0
0
0
0
0
0
0
3 275 200 397
0
10 210 317 307 61 503 147 21 450 535 648
0
0
0
0
0
0
0
0
0
0
0
0
0
0
0
0
0
0
0
0
8 528 726 463 596 113 305 173 370
2 367 208
0
0
0
0
0
0
0
0
7 694 130 358 207 499 327 362
0
0
3 60 638 721
0
0
0
0
0
0
0
0
0
0
0
0
1 309
0
0
0
0
0
0
0
0
0
0
0
0
0
0
0
0
0
1 275
0
7 75 607 132 667 547 210 32
0
4 480 563 333 36
0
0
0
0
0
0
0
0
0
0
0
0
1 469
1 383
0
0
3 547 372 22
0
0
0
0
0
4 504 434 394 184
1 54
0
0
0
0
0
3 146 642 4
0
0
1 71
4 409 440 313 175
0
0
6 41 301 518 532 28 434
0
0
0
0
0
0
0
0
0
0
1 386
0
2 444 686
0
0
0
0
0
0
1 306
8 605 99 14 211 532 590 9 182
0
0
0
0
0
0
0
0
1 374
0
0
0
1 534
0
0
0
0
0
0
0
0
3 140 432 251
0
0
0
0
1 289
0
0
0
0
1 30
1 458
3 729 757 258
0
0
0
13 21 522 604 434 385 51 262 108 727 106 370 754 315
0
0
0
0
0
0
0
4 115 216 172 231
2 500 388
0
0
0
0
0
0
0
0
0
0
0
0
0
3 301 24 185
0
2 550 341
1 617
0
0
0
0
0
2 725 649
4 461 559 560 371
0
0
1 587
2 503 74
0
0
2 376 171
2 546 437
0
0
18 9 147 370 235 388 275 686 258 429 750 13 28 131 624 613 623 150 419
3 319 407 458
0
0
0
0
1 352
0
0
0
0
6 333 29 75 397 58 520
0
0
0
0
1 563
1 706
12 38 695 390 276 381 240 391 74 294 299 716 465
1 117
0
19 545 703 734 465 159 307 514 54 618 323 720 58 716 63 203 317 139 189 601
0
0
2 108 322
7 223 596 516 129 348 57 584
0
0
0
0
0
0
0
2 185 135
1 548
0
0
0
3 190 604 141
0
0
0
0
0
0
0
0
0
1 455
5 391 509 170 675 418
2 299 14
0
7 700 295 720 434 157 22 465
0
0
0
4 51 226 703 1
0
0
0
0
0
2 652 142
0
0
0
0
0
0
0
0
0
0
0
0
0
0
1 271
0
1 103
0
0
0
0
0
0
0
0
0
1 182
0
22 702 631 136 260 529 700 432 142 323 478 174 135 536 243 239 316 337 716 654 701 469 498
0
0
1 429
0
0
0
0
0
0
0
0
0
0
0
0
0
1 568
1 170
0
0
0
1 583
0
4 405 700 276 737
0
0
7 136 416 37 99 565 9 447
0
0
0
0
0
1 446
0
0
0
2 530 545
0
0
0
0
1 444
0
0
0
0
1 193
17 68 618 467 49 582 127 734 175 41 50 335 62 14 666 667 644 710
0
0
0
0
0
0
0
0
0
0
1 604
0
0
4 118 486 458 148
0
0
0
0
3 181 120 554
0
0
0
0
0
0
0
0
1 675
1 282
0
0
12 235 430 398 690 249 670 316 169 232 337 544 682
5 415 500 582 267 589
0
0
0
0
1 93
0
0
0
0
1 202
0
0
0
0
0
0
1 403
1 440
0
0
26 11 344 759 560 660 337 603 639 559 273 164 141 392 749 498 281 550 652 106 738 762 654 469 590 584 104
0
0
0
0
0
1 299
0
0
0
0
0
0
0
0
0
0
0
5 626 526 538 302 152
0
0
0
0
0
0
0
0
1 335
0
0
0
0
0
0
0
2 602 339
1 116
2 428 532
1 659
0
0
0
0
0
0
0
1 436
0
0
0
0
0
2 355 254
0
0
3 559 639 111
0
0
0
0
0
0
1 423
0
0
0
0
0
0
6 693 81 122 38 236 304
0
0
0
0
0
3 257 419 130
0
0
0
0
0
0
0
1 131
1 135
2 159 215
0
4 561 630 106 154
1 63
0
0
0
10 6 307 302 433 204 150 160 22 570 431
0
0
0
0
2 282 759
0
0
0
0
0
0
0
0
0
0
0
9 169 433 206 603 339 272 93 371 36
0
2 688 580
0
0
0
0
2 359 223
0
0
0
2 131 545
0
0
0
0
0
0
0
0
0
0
2 268 37
5 493 359 174 588 126
0
0
1 194
1 32
1 26
1 299
0
0
0
0
2 386 632
0
0
1 1
0
1 542
0
0
3 138 626 456
0
3 77 15 663
0
0
1 601
0
1 630
0
0
1 408
0
0
0
3 536 728 356
0
0
0
1 276
0
0
0
0
0
0
0
1 446
0
0
0
0
0
0
0
0
0
0
0
1 286
0
0
0
0
0
5 751 553 559 186 729
1 601
0
1 135
0
0
0
0
0
0
1 61
0
0
1 557
0
0
0
0
0
0
0
7 504 320 466 354 484 431 376
0
0
1 111
0
0
0
0
0
0
0
0
0
0
0
0
1 259
0
0
0
3 143 466 560
1 215
0
0
0
0
1 4
0
0
0
0
0
0
2 194 387
0
0
0
0
0
0
2 476 285
0
0
0
0
1 659
0
1 152
3 193 467 185
0
0
0
0
0
0
0
0
0
0
1 289
0
0
0
0
0
0
0
0
5 362 748 461 558 707
3 238 363 701
0
0
0
17 378 644 477 605 3 82 221 194 354 678 278 485 519 381 214 348 113
1 670
0
0
0
0
0
0
0
1 207
0
0
0
0
8 525 611 42 620 626 599 267 24
0
1 677
0
0
0
0
1 700
0
0
0
0
1 688
1 231
0
0
0
0
0
1 689
6 264 93 302 349 371 186
0
1 592
0
11 383 271 233 353 365 211 721 312 496 222 113
0
0
0
0
0
0
0
1 81
0
0
0
0
1 2 3 4 6 7 8 9 10 11 18 19 20 21 22 24 26 27 28 29 30 32 34 36 37 38 39 40 41 42 43 44 46 47 48 49 50 51 52 54 56 59 60 61 64 65 66 67 68 69 70 73 74 75 76 77 78 81 82 84 86 87 88 89 90 91 93 94 95 96 98 99 101 103 104 105 107 108 111 112 113 114 115 119 120 122 123 124 125 126 127 128 130 132 133 134 135 137 138 139 140 141 142 144 145 147 148 149 150 151 153 156 157 158 160 161 162 163 164 165 168 169 170 171 172 173 174 175 177 178 180 182 183 185 187 189 190 191 193 194 195 198 199 200 201 202 203 205 206 207 208 209 212 213 214 215 216 218 219 220 221 222 223 224 225 226 227 228 229 230 231 233 235 237 239 240 241 243 244 245 246 253 254 256 259 260 261 264 266 267 269 270 271 272 273 274 276 277 279 280 281 282 283 284 285 286 289 290 291 292 293 294 295 296 297 299 300 301 302 306 307 308 309 310 311 313 314 315 319 320 321 322 325 326 327 330 331 333 334 336 337 338 339 340 341 342 343 344 346 347 349 350 352 353 354 356 357 359 360 362 364 366 368 369 370 371 373 375 376 377 380 381 383 384 385 386 389 391 392 394 395 396 398 399 400 401 402 404 405 406 407 408 409 410 412 413 416 417 421 422 423 424 426 428 429 430 431 432 434 435 436 440 441 447 449 450 451 453 454 455 456 457 459 460 461 462 463 464 466 468 470 471 473 474 476 477 478 479 480 481 482 483 484 487 488 489 492 494 495 496 498 499 500 501 502 504 505 506 511 513 514 516 519 520 521 524 525 526 527 528 530 532 534 535 539 540 541 542 543 544 545 549 550 551 553 554 555 558 561 563 566 567 568 570 573 575 577 580 581 582 583 584 586 587 589 590 592 593 595 596 600 602 606 607 608 609 611 614 615 616 617 618 623 625 626 627 629 630 633 634 636 637 638 640 641 643 646 647 648 649 650 652 654 656 658 661 662 663 664 665 666 667 669 670 673 674 675 676 677 679 680 682 684 685 686 687 688 690 692 693 695 696 697 699 701 702 703 704 708 709 710 711 712 713 714 715 716 717 718 719 721 722 724 725 726 727 728 730 731 733 735 736 737 738 739 742 744 745 746 747 751 752 754 755 757 758 759 760 761 762
433 401
0
0
0
0
0
0
1 5
0
0
0
0
1 96
0
2 411 160
1 54
3 171 193 423
0
0
0
0
1 212
1 354
0
0
0
1 213
0
0
0
0
0
0
0
0
1 23
1 269
0
0
0
0
0
0
0
0
0
0
0
0
0
0
2 242 244
0
0
1 213
0
0
0
0
0
0
0
0
0
0
1 170
0
0
0
1 156
0
0
0
0
1 62
0
0
0
0
0
0
1 78
0
1 97
0
0
4 315 222 417 389
0
0
0
0
0
0
0
0
0
0
0
0
0
0
0
0
2 311 72
1 97
0
0
0
0
0
0
0
0
1 67
0
0
0
0
0
0
0
0
0
0
1 26
0
3 311 397 246
0
0
0
0
0
0
0
0
0
0
1 385
0
0
0
0
0
1 342
0
0
0
0
0
0
2 397 290
0
0
0
1 103
0
0
0
0
1 145
0
0
0
0
0
0
0
0
0
0
0
2 244 38
0
0
0
0
0
0
0
0
7 185 12 172 60 197 75 81
0
0
0
0
0
0
0
0
0
1 165
0
0
0
0
0
0
1 185
0
0
0
0
0
0
0
0
0
0
0
0
1 12
0
0
0
1 322
0
0
0
0
0
0
0
0
0
1 231
1 219
0
1 218
0
0
0
0
0
0
0
0
0
0
0
0
1 120
0
0
0
0
0
0
1 23
0
0
0
0
0
0
2 346 280
0
0
0
0
1 322
1 143
1 251
0
0
0
0
0
0
0
1 399
0
0
0
0
0
0
0
0
0
1 15
0
0
0
0
1 399
0
0
0
0
1 398
0
1 38
0
0
0
0
0
0
0
1 21
0
0
0
0
0
0
1 224
0
1 26
0
0
0
0
1 212
0
0
0
0
0
0
0
3 228 408 353
0
0
0
0
0
0
0
0
0
0
0
0
0
0
0
0
1 36
0
0
0
0
0
0
0
0
1 117
0
0
0
0
0
1 269
1 82
0
0
0
0
0
0
4 324 246 152 192
0
1 19
0
0
0
0
0
1 231
0
0
0
0
0
0
0
0
1 398
0
1 231
0
0
0
0
0
0
0
0
0
1 427
0
1 209
0
0
0
0
0
0
0
0
2 75 23
0
1 76
0
0
0
0
0
0
0
0
0
0
1 79
0
0
1 66
0
0
2 381 255
0
0
0
0
3 399 310 277
0
2 250 90
0
0
0
0
0
0
1 2 3 4 5 6 7 8 9 10 11 12 13 14 15 17 18 19 20 21 22 23 24 25 26 27 29 30 31 32 33 35 36 37 38 39 40 42 43 44 46 47 48 49 50 52 53 54 55 56 57 58 59 60 61 62 63 64 65 66 67 68 69 70 71 72 73 74 75 76 77 78 79 80 81 82 83 84 85 86 87 89 90 91 92 93 94 95 96 99 101 102 103 105 106 107 109 110 111 112 113 114 115 116 117 118 119 120 121 122 123 124 125 126 127 130 132 133 134 135 136 137 138 139 140 141 142 143 144 145 146 147 148 150 152 153 154 155 156 157 158 159 160 161 162 163 165 166 167 168 170 171 172 173 175 176 177 179 180 181 182 183 184 185 186 187 188 190 191 192 193 194 195 196 198 199 200 201 202 203 204 205 206 207 208 209 210 211 212 213 214 215 216 217 218 219 221 222 223 224 226 227 228 229 230 231 232 233 234 235 236 237 238 239 241 242 243 244 245 246 247 248 249 250 251 252 253 254 255 256 257 258 259 260 261 262 263 264 265 266 267 268 269 270 271 272 274 275 276 277 278 279 280 281 282 283 286 288 289 290 291 292 293 294 295 296 297 298 299 300 301 302 303 304 305 306 307 308 309 310 311 312 314 315 316 317 318 319 320 321 322 323 324 325 326 327 328 329 330 331 332 333 334 335 336 337 338 339 340 341 342 343 344 345 346 347 348 349 350 351 352 353 354 355 356 357 358 359 360 361 362 363 364 365 366 367 368 369 370 371 372 373 374 375 376 377 378 379 380 381 382 383 384 385 386 387 388 389 390 391 392 393 394 395 396 397 398 399 400 401 402 403 404 405 406 407 408 409 410 411 412 413 415 416 417 418 419 420 421 422 423 424 425 426 427 428 429 430 431 432 433
721 517
0
0
0
0
0
0
0
0
0
0
0
0
0
0
0
0
0
0
0
0
0
0
0
0
0
0
0
3 572 588 523
0
0
0
0
0
0
0
0
0
0
0
0
1 108
16 105 171 536 433 525 153 243 467 680 609 696 361 6 177 571 154
0
0
0
0
0
0
0
0
0
0
0
0
0
0
0
0
0
0
0
1 315
3 424 527 624
0
0
0
0
0
0
0
0
0
0
0
0
0
0
0
0
0
2 569 552
0
0
0
0
0
0
0
0
0
0
0
0
0
0
0
0
0
0
0
0
0
0
0
0
0
0
0
0
0
0
0
0
0
0
1 108
0
0
0
0
0
0
0
0
0
0
0
0
0
0
0
0
0
0
7 557 391 438 583 282 63 53
0
0
1 22
1 156
0
0
0
0
0
0
0
0
0
1 179
0
0
0
0
0
0
0
0
0
0
0
0
0
0
0
0
1 598
0
0
1 284
0
3 116 214 432
0
0
0
0
1 4
1 408
0
0
0
0
0
0
0
0
0
0
0
0
0
0
0
0
0
0
0
0
0
0
0
0
0
0
0
1 683
1 176
0
1 207
1 148
0
1 595
0
0
0
0
0
0
0
0
0
3 499 548 505
0
6 51 637 611 608 281 110
0
0
0
1 328
0
1 668
0
0
0
0
0
0
0
0
0
0
1 229
0
0
0
1 550
0
0
0
0
0
0
0
0
0
0
0
0
0
0
0
0
0
0
0
0
0
0
0
0
0
0
0
0
0
0
0
0
0
0
0
1 138
0
0
0
0
0
0
0
0
0
0
0
1 676
0
0
0
0
0
1 709
0
0
0
0
0
0
0
0
0
0
0
0
0
0
3 154 711 384
0
0
0
0
0
1 677
0
0
0
0
0
0
0
6 628 265 294 299 682 657
0
0
1 517
0
0
0
0
0
0
0
0
0
0
0
0
0
0
1 421
0
5 380 57 291 208 396
0
0
0
1 690
0
0
0
0
0
0
0
0
0
2 538 35
0
0
0
0
1 711
0
0
0
0
0
0
0
0
0
0
0
1 322
0
0
0
0
0
0
0
2 47 696
0
0
0
0
0
1 117
0
0
1 248
0
1 276
2 376 511
0
0
0
0
0
1 108
0
0
0
0
0
0
0
1 520
0
0
3 185 330 652
0
1 433
0
0
0
0
0
0
0
0
0
0
3 416 504 85
14 256 598 433 507 229 709 572 127 557 608 443 300 426 550
0
0
0
0
0
0
0
1 464
0
0
0
0
2 65 38
0
1 53
0
0
0
0
0
0
0
0
0
0
1 453
0
0
0
0
0
0
0
0
0
0
0
0
4 641 64 424 375
0
0
0
0
0
0
0
0
0
1 279
0
2 86 147
0
0
0
0
0
0
0
0
0
0
0
0
0
0
0
2 376 257
0
0
0
0
0
1 181
0
0
0
0
0
0
0
0
0
0
0
0
0
0
0
0
0
0
0
0
0
0
0
0
0
1 63
0
0
3 171 444 200
0
0
0
0
0
0
0
0
1 624
0
0
0
0
0
0
0
0
0
0
0
0
0
0
2 517 655
0
0
0
0
0
0
0
0
0
1 70
0
0
0
0
0
0
3 424 569 298
0
0
1 349
0
0
0
1 507
0
0
0
0
0
0
7 609 247 432 668 94 81 571
0
0
0
0
0
0
0
1 476
0
0
0
0
0
0
0
0
2 469 19
0
0
0
0
0
0
0
0
0
0
0
0
0
0
0
0
0
0
0
0
0
0
0
0
0
0
0
0
0
0
0
0
0
0
0
0
0
0
0
0
0
0
0
0
0
0
1 349
0
0
1 690
0
0
0
2 505 294
0
2 609 300
1 323
0
0
0
0
0
1 327
0
0
0
0
0
0
0
0
0
0
0
0
0
1 721
1 281
0
1 47
5 455 426 505 148 179
0
0
0
0
1 523
0
0
0
0
4 408 711 432 438
1 703
0
0
0
0
0
0
2 684 116
0
0
0
0
0
0
0
1 716
0
0
0
0
0
0
0
1 429
4 682 129 680 564
0
0
2 3 5 8 10 11 12 14 15 17 18 20 21 23 25 26 27 28 30 31 32 33 35 38 39 40 41 44 45 46 47 50 51 52 53 54 57 58 59 60 61 62 64 65 68 69 72 73 75 76 79 80 81 82 83 87 89 90 91 92 93 94 95 96 97 98 99 100 101 105 106 107 109 111 112 113 114 116 118 120 122 123 125 126 129 130 131 132 135 136 137 140 141 142 143 145 146 148 149 150 151 152 153 155 156 157 158 160 162 164 165 166 167 168 169 171 172 175 176 177 178 179 180 182 183 184 185 186 187 188 189 190 191 192 193 194 196 197 199 200 201 202 203 204 205 207 208 209 210 211 212 214 217 218 219 220 221 222 225 226 227 229 230 231 232 234 236 237 239 240 241 242 244 245 246 247 250 251 252 254 255 257 258 259 261 265 266 267 268 270 271 272 273 274 275 276 278 279 281 282 283 284 287 288 289 290 291 293 294 295 296 297 299 301 302 303 304 305 306 308 309 310 311 312 313 314 316 317 318 322 323 326 328 329 330 331 332 333 335 336 337 338 340 342 343 344 346 348 349 350 351 352 353 354 355 356 358 359 360 361 362 363 365 366 367 368 370 371 373 374 375 376 377 378 380 383 385 386 387 388 389 390 391 392 393 394 396 397 398 399 400 402 404 405 406 407 409 410 411 412 414 416 417 419 422 423 424 425 426 427 428 430 431 432 433 434 435 436 437 438 440 441 442 444 445 446 447 448 449 451 452 453 454 455 456 457 458 460 461 462 463 465 466 467 468 473 474 475 476 477 478 479 480 481 483 484 486 488 489 490 491 493 494 495 496 500 502 503 505 507 508 509 511 514 515 516 517 519 520 521 524 525 526 528 531 533 537 538 540 541 542 545 546 548 549 553 554 555 556 557 558 560 561 562 563 564 565 566 567 568 569 570 571 572 573 574 575 576 577 578 579 580 581 583 586 589 590 592 596 598 599 600 601 602 604 605 606 607 608 609 611 613 614 615 617 618 619 620 621 625 628 629 630 631 632 636 637 638 639 640 641 644 646 649 650 652 653 654 655 658 659 660 661 664 668 669 670 671 672 674 675 677 678 679 680 681 683 684 686 687 689 690 691 692 693 694 695 696 699 700 701 702 703 704 705 706 707 709 710 711 713 715 716 717 718 719 721